100
42
11
1
2018
13736
52927
99640
36405
23089
90094
51150
30647
30041
95465
71623
90018
49308
50168
66213
67898
64103
46804
39470
37370
59394
18484
45679
10
99999
85831
98209
9
62205
28725
4
95
92342
70879
44858
9862
5423
86266
80979
2
17320
45990
65704
82763
18216
85853
35222
173
41004
34641
100000
98480
98419
53370
746
76077
23248
2264
84125
24619
41619
13905
8
81711
67524
6
13723
22611
29165
8179
7
21626
61977
3
2256
14816
8634
69544
92607
96026
40374
19744
69125
5
69740
22827
41877
76261
78720
14833
57796
81642
40811
25845
92241
82493
