100
42
11
1
2018
7463096049883445
4499559974455176
6110117521221926
5127101777789379
7896339631095660
8454353774331104
7708167182778257
636514725005090
9999999999999999
3101343065237639
502921133545604
5428892735496048
4230372516475240
6223851902672292
2366819323521553
8211217654405487
7275462031315855
7268414742881365
483949810827325
8451956293412378
2912096642160657
7676281497020342
8287781620568800
1617851039745644
565514423884168
5573253645481270
9855550092456013
6919660942119895
652023458363330
6
3333424308814867
3864980250419249
3
1113412175419753
828557108498681
7938340037404041
1008219654334231
6128719665814040
9620940049039297
9133711915698042
5
8817986153693647
4157776162790754
1686337396324175
9896753567837407
3634028728372213
593101737358818
9657561217916029
7963720795879309
635127446581454
4600929518345501
3003269759568989
5844409673993271
8888888888888889
5498882209536060
5715731558509489
6573487925703810
7905422753746638
10000000000000000
3474973835049096
3637223336993896
8506141035633860
8797994697266685
1555555555555555
4993113746853883
2490009211892695
95
8428660274334871
8253858721144593
10
4079794928692340
5410417511761016
6513527634033777
7
8213081922517908
2518395065037308
7502055149817748
7096784118066172
9
4167011827570196
6883672280695370
6379364657174183
275694928053534
8
861724786982726
6540916795789091
7629177418323960
7568282988565947
4529735886673504
3059832054341627
8295901036731838
1734654688063529
8992079712764066
4
2
5769509671147960
